0,293
0,212
0,297
0,211
0,210
0,209
0,294
0,206
0,354
0,205
0,202
0,201
0,200
0,304
0,199
0,302
0,198
0,288
0,197
0,195
0,194
0,193
0,192
0,63
0,62
0,61
0,352
0,351
0,58
0,341
0,340
0,338
47,272
47,163
47,139
47,64
0,277
14,3
0,274
13,3
46,2768
46,3532
46,3362
46,2532
46,3048
46,2377
46,2662
46,1915
46,1894
46,1797
46,1516
46,1641
46,1250
46,1177
46,1021
46,959
46,550
46,372
46,280
46,87
46,40
46,39
46,38
46,37
46,36
46,2
46,3
0,207
47,1326
0,1283
47,1325
47,1324
47,1323
47,1322
47,1321
0,1282
47,1320
47,1319
47,1318
47,1317
0,208
47,1316
0,1281
47,1315
0,835
47,1314
47,1313
47,1312
47,1311
0,204
47,1310
0,1149
47,1309
47,1308
47,1307
47,1306
47,1305
0,1280
47,1304
0,834
47,1303
47,1302
47,1301
47,1300
47,1299
47,1298
47,1297
47,1296
0,1148
47,1295
47,1294
47,1293
47,1292
0,833
47,1291
0,1279
47,1290
47,1289
47,1288
47,1287
47,1286
47,1285
47,1284
47,1283
47,1282
0,1147
47,1281
47,1280
47,638
0,832
47,637
0,1278
47,636
47,635
47,634
47,633
47,632
47,631
47,630
47,629
47,628
0,1146
47,627
47,626
47,625
0,703
47,624
0,1277
47,623
47,622
47,621
47,620
47,619
47,618
47,617
47,616
47,615
47,614
0,1145
47,613
0,702
47,612
47,611
0,1276
47,610
47,609
47,608
47,1471
47,607
47,606
47,605
47,604
47,603
47,602
0,701
47,601
0,1144
47,600
47,599
0,1275
47,598
47,597
47,596
47,595
47,594
47,593
47,592
47,591
47,590
47,589
47,588
0,700
47,587
0,1274
0,1143
47,586
47,585
47,584
47,583
47,582
47,581
47,580
47,579
47,578
47,577
47,576
47,1278
0,699
47,1277
0,1273
47,1276
0,1142
47,1275
47,1274
47,1273
47,1272
47,1271
47,1270
47,1269
47,1268
47,1267
47,1266
47,1265
0,698
47,1264
0,1272
47,1263
0,1141
47,1262
47,1261
47,1260
47,1259
47,1258
47,1257
47,1256
47,1407
47,1343
47,1255
0,697
47,1254
47,1253
47,1252
0,1271
47,1251
47,1250
0,1140
47,1249
47,1248
47,1247
47,1246
47,1245
47,1244
47,1243
47,1242
0,696
47,1241
47,1240
47,1239
0,1270
47,1238
0,1139
47,1237
47,1236
47,1235
47,1234
47,1233
47,1232
47,1231
47,1230
0,695
47,1229
47,1228
47,1227
47,1226
47,1225
47,1224
0,1269
47,1223
0,1138
47,1222
47,1221
47,1220
47,1219
47,1218
0,694
47,1217
47,1216
47,1215
47,1214
47,1213
47,1212
47,1211
0,1268
47,1210
0,1137
47,1209
47,1208
47,1207
47,1206
0,693
47,1205
47,1204
47,1203
47,1202
47,1201
47,1200
47,1
47,1279
47,2
47,0
47,3
47,1199
47,1198
0,1267
47,1197
0,1136
47,1196
47,1195
47,1194
0,692
47,1193
47,1192
47,1191
47,1190
47,1189
47,1188
47,1187
47,1186
47,1185
0,1266
47,1184
0,1135
47,1183
47,1182
47,1181
0,691
47,1180
47,1179
47,1178
47,1177
47,1176
47,1175
47,1174
47,1173
0,1265
47,1172
47,1171
47,1170
47,1169
0,1134
0,690
47,1168
47,1167
47,1166
47,1165
47,1164
47,1163
47,1162
47,1161
47,1160
0,1264
47,1159
47,1158
47,1157
0,689
47,1156
47,1155
47,1154
0,1133
47,1153
47,1152
47,1150
47,1149
47,1148
47,1147
0,1263
47,1146
47,1145
47,1144
47,1143
0,688
47,1142
47,1141
47,1140
47,1139
0,1132
47,1138
47,1137
47,1136
47,1135
47,1134
0,1262
47,1133
47,1132
47,1131
0,687
47,1130
47,1129
47,1128
47,1127
47,1126
47,1125
47,1124
47,1123
0,1131
47,1122
0,1261
47,1121
47,1120
47,1119
47,1118
0,686
47,1117
47,1116
47,1115
47,1114
47,1113
47,1112
47,1111
47,1110
47,1109
0,1260
47,1108
0,1130
47,1107
47,1106
0,685
47,1105
47,1104
47,1103
47,1102
47,1101
47,1100
47,1099
47,1098
47,1097
47,1096
0,1259
47,1095
0,1129
47,1094
47,1093
0,684
47,1092
47,1091
47,1090
47,1089
47,1088
47,1087
47,1086
47,1085
47,1084
47,1083
0,1258
47,1082
47,1081
0,1128
47,1080
0,683
47,1079
47,37
47,36
47,1078
47,1077
47,1076
47,1075
47,1074
47,1073
47,1072
47,1071
47,1070
0,1257
47,1151
47,1069
0,1127
47,1068
47,1067
0,682
47,1066
47,1065
47,1064
47,1063
47,1062
47,1061
47,1060
47,1059
47,1058
0,1256
47,1057
47,1056
47,1055
0,1126
0,681
47,1054
47,1053
47,1052
47,1051
47,1050
47,1049
47,1048
47,1047
47,1046
47,1045
47,1044
0,1255
47,1043
47,1042
0,680
47,1041
0,1125
47,1040
47,1039
47,1038
47,1037
47,1036
47,1035
47,1034
47,1033
47,1032
47,1031
0,1254
47,1030
47,1029
0,679
47,1028
0,1124
47,1027
47,1026
47,1025
47,1024
47,1023
47,1022
47,1021
47,1020
47,1019
47,1018
0,1253
47,1017
47,1016
0,678
47,1015
0,1123
47,1014
47,1013
47,1012
47,1011
47,1010
47,1009
47,1008
47,1007
47,1006
47,1005
0,1252
47,1004
47,1003
0,677
47,1002
0,1122
47,1001
47,1000
47,999
47,998
47,997
47,996
47,995
47,994
47,993
47,992
0,1251
47,991
47,990
0,676
47,989
47,988
0,1121
47,987
47,986
47,985
47,984
47,983
47,982
47,981
47,980
47,979
0,1250
47,978
47,977
0,675
47,976
47,975
47,974
0,1120
47,973
47,972
47,971
47,970
47,969
47,968
47,967
47,966
0,1249
47,965
47,964
0,674
47,963
47,962
47,961
0,1119
47,960
47,959
47,958
47,957
47,956
47,955
47,954
47,953
0,1248
47,952
47,951
0,673
47,950
47,949
47,948
0,1118
47,947
47,946
47,945
47,944
47,943
47,942
47,941
47,940
0,1247
47,939
47,938
0,672
47,937
47,936
47,935
47,934
0,1117
47,933
47,932
47,931
47,930
47,929
47,928
47,927
0,1246
47,926
0,671
47,925
47,924
47,923
47,922
47,921
47,920
47,919
0,1116
47,918
47,917
47,916
47,915
0,1245
47,914
47,913
0,670
47,912
47,911
47,910
47,909
47,908
47,907
47,906
47,905
0,1115
47,904
47,903
47,902
0,1244
47,901
47,900
0,669
47,899
47,898
47,897
47,896
47,894
47,893
47,892
47,891
0,1114
47,890
47,889
47,888
0,1243
47,887
47,886
47,885
0,668
47,884
47,883
47,882
47,881
47,880
47,879
47,878
47,877
0,1113
47,876
47,875
0,1242
47,874
47,873
0,667
47,872
47,871
47,870
47,869
47,868
47,867
47,866
47,865
47,864
0,1112
47,863
47,862
47,861
0,1241
47,860
0,666
47,859
47,858
47,857
47,856
47,855
47,854
47,853
47,852
47,851
47,850
0,1111
47,849
0,1240
47,848
47,847
0,665
47,846
47,845
47,844
47,843
47,842
47,841
47,840
47,839
47,838
47,837
0,1239
47,836
47,835
0,1110
47,834
0,664
47,833
47,832
47,831
47,830
47,829
47,828
47,827
47,826
47,825
47,895
47,824
0,1238
47,823
0,1109
47,822
0,663
47,821
47,820
47,819
47,818
47,817
47,816
47,815
47,814
47,813
47,812
47,811
0,1237
47,810
47,809
0,662
0,1108
47,808
47,807
47,806
47,805
47,804
47,803
47,802
47,801
47,800
47,799
47,798
0,1236
47,797
0,661
47,796
47,795
0,1107
47,794
47,793
47,792
47,791
47,790
47,789
47,788
47,787
47,786
47,785
0,1235
0,355
47,784
0,1
0,660
0,356
47,783
47,782
47,781
0,1106
0,322
0,0
0,353
47,780
0,1105
47,779
47,778
47,777
47,776
47,775
47,774
47,773
47,772
0,1234
47,771
0,659
47,770
47,769
47,768
47,767
47,766
47,765
47,764
47,763
47,762
47,761
47,760
47,759
0,1233
47,758
0,658
47,757
47,756
47,755
47,754
47,753
47,752
47,751
47,750
47,749
47,748
47,747
47,746
0,1232
47,745
0,657
47,744
47,743
47,742
47,741
47,740
0,1103
47,739
47,738
47,737
47,736
47,735
47,734
47,733
47,732
0,1231
0,656
47,731
47,730
47,729
47,728
47,727
0,1102
47,726
47,725
47,724
47,723
47,722
47,721
47,720
0,655
47,719
0,1230
47,718
47,717
47,716
47,715
47,714
47,713
0,1101
47,712
47,711
47,710
47,709
47,708
0,654
47,707
47,706
47,705
0,1229
47,704
47,703
47,702
47,701
47,700
47,699
0,1100
47,698
47,697
47,696
47,695
0,653
47,694
47,693
47,692
0,1228
47,691
47,690
47,689
47,688
47,687
47,686
0,1099
47,685
47,684
47,683
47,682
0,652
47,681
47,680
47,679
47,678
0,1227
47,677
47,676
47,675
47,674
47,673
0,1098
47,672
47,671
47,670
47,669
0,651
47,668
47,667
47,666
47,665
0,1226
47,664
47,663
47,662
47,661
47,660
0,1097
47,659
47,658
47,657
47,656
0,650
47,655
47,654
47,653
47,652
0,1225
47,651
47,650
47,649
47,648
47,647
47,646
0,1096
47,645
47,644
47,643
0,649
47,642
47,641
47,640
47,574
0,1224
47,573
47,572
47,571
47,570
47,569
47,568
0,1095
47,567
47,566
0,648
47,565
47,564
47,563
47,562
47,561
47,560
0,1223
47,559
47,639
47,558
47,557
47,556
47,555
47,554
0,1094
47,553
0,647
47,552
47,551
47,550
47,549
47,548
47,547
47,546
0,1222
47,545
47,544
47,543
47,542
47,541
0,1093
47,540
0,646
47,539
47,538
47,537
47,536
47,535
47,534
47,533
0,1221
47,532
47,531
47,530
47,529
47,528
0,1092
47,527
0,645
47,526
47,525
47,524
47,523
47,522
47,521
47,520
0,1220
47,519
47,518
47,517
47,516
0,1091
47,515
47,514
47,513
0,644
47,512
47,511
47,510
47,509
47,508
47,507
47,506
0,1219
47,505
47,504
0,7
47,503
47,502
0,1090
47,501
47,500
0,643
47,499
47,498
47,497
47,496
47,495
47,494
0,1218
47,493
47,492
47,491
47,490
0,1089
47,489
47,488
47,487
47,486
0,642
47,485
47,575
47,484
47,483
47,482
0,1217
47,481
47,480
47,479
47,478
0,1088
47,477
47,476
47,475
47,474
47,473
0,641
47,472
47,471
47,470
47,469
0,1216
47,468
47,467
47,466
47,465
0,760
47,464
47,463
47,462
47,461
47,460
0,640
47,459
47,458
47,457
47,456
0,759
47,455
47,454
47,453
47,452
47,451
0,758
47,450
47,449
47,448
47,447
0,757
47,446
47,445
47,444
47,443
0,756
47,442
47,441
47,440
47,439
47,438
0,755
47,437
47,436
47,435
47,434
0,754
47,433
47,432
47,431
47,430
0,753
47,429
47,428
47,427
47,426
47,425
0,752
47,424
47,423
47,422
47,421
0,751
47,420
47,419
47,418
47,417
0,750
47,416
47,415
47,414
47,413
47,412
0,749
47,411
47,410
47,409
47,408
47,407
0,748
47,406
47,405
47,404
0,747
47,403
47,402
47,401
47,400
47,399
47,398
0,746
47,397
47,396
47,395
47,394
0,745
47,393
47,392
47,391
0,744
47,390
47,389
47,388
47,387
47,386
47,385
0,743
47,384
47,382
47,381
47,380
47,379
0,742
47,378
47,377
0,741
47,376
47,375
47,374
47,373
47,372
47,371
0,740
47,370
47,369
47,368
47,367
47,366
0,739
47,365
47,364
0,738
47,363
47,362
47,361
47,360
47,359
47,358
0,737
47,357
47,356
47,355
47,354
47,353
0,736
47,352
47,351
0,735
47,350
47,349
47,348
47,347
47,346
47,345
47,344
0,734
47,343
47,342
47,341
47,340
0,733
47,339
47,338
0,732
47,337
47,336
47,335
47,334
47,333
47,332
47,331
0,731
47,330
47,329
47,328
47,327
47,326
0,730
47,325
0,729
47,324
47,323
47,322
47,321
47,320
47,318
47,317
0,728
47,316
47,315
47,314
47,313
47,312
0,727
47,311
0,726
47,310
47,309
47,308
47,307
47,306
47,305
47,304
0,725
47,303
47,302
47,301
47,300
47,299
0,724
47,298
0,723
47,297
47,296
47,295
47,294
47,293
47,292
47,291
0,722
47,383
47,290
47,289
47,288
47,287
0,721
47,286
0,720
47,285
47,284
47,283
47,282
47,281
47,280
0,719
47,279
47,278
47,277
47,276
47,275
47,274
47,273
0,718
0,717
47,271
47,270
47,269
47,268
47,267
47,266
0,716
47,265
47,264
47,263
47,262
47,261
47,260
0,715
47,259
0,714
47,258
47,257
47,256
47,254
47,253
47,252
0,713
47,251
47,250
47,249
47,248
47,247
47,246
0,712
47,245
0,711
47,319
47,244
47,243
47,242
47,241
47,240
47,239
0,710
47,238
47,237
47,236
47,235
47,234
0,709
47,233
47,232
0,708
47,231
47,230
47,229
47,228
47,227
47,226
47,225
47,224
0,707
47,223
47,222
47,221
47,220
0,706
47,219
47,218
0,705
47,217
47,216
47,215
47,214
47,213
47,212
47,211
47,210
0,704
47,209
47,208
47,207
47,206
0,311
47,205
47,204
0,310
47,203
47,202
47,201
47,200
47,199
47,198
47,197
47,196
47,195
0,309
47,194
47,193
47,192
0,291
47,190
47,189
47,188
0,290
47,187
47,186
47,185
47,184
47,255
47,183
47,182
47,181
47,180
0,287
47,179
0,283
47,178
47,177
47,176
47,175
47,174
47,173
47,172
47,171
47,170
47,169
47,168
47,167
47,166
47,165
0,383
47,164
47,162
47,161
47,160
0,382
47,159
47,158
47,157
47,156
47,155
47,154
0,381
47,153
47,152
47,151
47,150
0,380
47,149
47,148
47,147
47,146
47,145
0,379
47,144
47,143
47,142
0,378
47,141
47,140
47,138
47,137
47,136
47,135
47,134
0,377
47,133
47,132
47,131
47,130
0,376
0,375
47,129
47,128
47,127
47,126
47,125
47,124
47,123
47,122
47,121
47,120
47,119
0,374
47,118
47,117
0,373
47,191
47,116
0,372
47,115
47,114
47,113
47,112
47,111
47,110
47,109
47,108
47,107
47,106
47,105
47,104
0,371
0,370
47,103
47,102
47,101
0,369
47,100
47,99
47,98
47,97
47,96
47,95
47,94
47,93
47,92
47,91
47,90
0,368
0,367
47,89
47,88
0,366
47,87
47,86
47,85
47,84
47,83
47,82
47,81
47,80
47,79
47,78
47,77
47,76
0,365
0,364
47,75
47,74
0,363
47,73
47,72
47,71
47,70
47,69
47,68
47,67
47,66
47,65
47,35
0,362
47,34
47,33
0,361
47,32
47,31
0,360
47,30
47,29
47,28
47,27
47,26
47,25
47,24
47,23
47,22
47,21
47,20
0,359
47,19
47,18
47,17
47,16
47,15
47,14
47,13
47,12
47,11
47,10
47,9
47,8
47,7
47,6
47,5
47,4
0,349
46,3829
46,3828
0,536
46,3827
46,3826
46,3825
46,3824
46,3823
46,3822
46,3821
46,3820
46,3819
0,599
46,3818
46,3817
46,3816
0,983
46,3815
46,3814
46,3813
46,3812
46,3811
0,1303
46,3810
46,3809
46,3808
0,1047
46,3807
46,3806
46,3805
46,3804
0,791
46,3803
46,3802
46,3801
46,3800
46,3799
46,3798
46,3797
0,535
46,3796
46,3795
46,3794
46,3793
46,3792
46,3791
46,3790
0,855
46,3789
46,3788
46,3787
46,3786
46,3785
46,3784
46,3783
46,3782
46,3781
46,3780
46,3779
46,3778
46,3777
46,3776
46,2814
46,2813
0,598
46,2812
46,2811
46,2810
46,2809
46,2808
46,2807
46,2806
46,2805
46,2804
46,2803
0,982
46,2802
46,2801
46,2800
46,2799
46,2798
46,2797
46,2796
0,1302
46,2795
46,2794
46,2793
46,2792
0,1046
46,2791
46,2790
0,790
46,2789
46,2788
46,2787
46,2786
46,2785
46,2784
46,2783
46,2782
46,2781
46,2780
0,534
46,2779
46,2778
0,854
46,2777
46,2776
46,2775
46,2774
46,2773
46,2772
46,2771
46,2770
46,3775
46,2769
46,2767
46,2766
46,2765
46,2764
46,2763
46,2762
46,2761
46,2760
0,597
46,2759
46,2758
46,2757
46,2756
46,2755
46,2754
46,2753
46,2752
46,2750
0,981
46,2749
46,2748
46,2747
46,2746
46,2745
46,2744
46,2743
46,2742
46,2741
0,1301
46,2740
46,2739
46,2738
0,1045
46,2737
46,2736
46,2735
46,2734
0,789
46,2733
46,2732
46,2731
